66.50k       141.640                                      81    1   81    1   81
   -17.630    88.420   -15.630    88.420   -14.730    88.120   -14.730    87.520
   -14.430    87.520   -14.430    86.720   -14.330    86.720   -14.330    86.420
   -14.030    86.420   -14.030    86.720   -13.870    86.720   -13.290    86.680
    -9.460    84.510    -3.050    80.510    -0.750    80.390    -0.150    80.490
    -0.150    80.620     0.000    80.620     0.150    80.620     0.150    80.490
     0.250    80.490     0.500    79.590     6.830    78.980     7.030    78.980
     9.870    78.820    10.070    78.820    10.520    78.690    11.480    78.690
    12.680    76.570    13.220    76.590    14.690    76.560    15.730    77.040
    16.800    76.820    17.720    76.550    18.570    75.880    21.470    76.200
    26.060    75.950    27.490    75.200    29.840    75.400    30.710    75.940
    41.310    75.960    47.600    75.450    48.020    75.110    52.310    74.900
    53.690    75.170    54.540    75.430    58.550    75.200    61.280    74.650
    63.290    74.630    67.510    74.190    69.980    74.450    70.740    74.630
    71.320    73.930    72.680    73.530    75.680    73.430    82.100    72.830
    84.100    72.530    86.600    72.030    89.100    71.230    91.600    71.330
    94.100    71.930    95.060    73.780    98.900    74.440    99.670    75.160
   102.450    75.620   103.880    76.560   104.000    76.580   104.760    77.090
   106.230    77.450   107.070    79.350   109.360    80.520   115.340    80.490
   119.010    85.520   119.190    85.660   119.190    86.060   119.250    86.060
   119.310    86.060   119.310    85.830   119.770    85.940   120.270    85.940
   121.270    85.940
66.51k         7.531                                      59    1   59    1   59
   -15.750    86.720   -14.750    86.720   -14.650    86.720   -14.650    86.420
   -14.350    86.420   -14.350    86.720   -14.250    86.720   -13.340    86.500
   -10.020    84.510    -5.070    81.430    -4.370    80.530    -0.600    80.350
     0.000    80.450     0.400    80.450     0.740    79.300     4.360    79.150
     8.920    78.730     9.970    78.750    10.930    77.020    12.420    77.070
    16.110    77.450    19.870    77.030    22.500    76.310    23.890    76.630
    25.990    76.630    27.400    76.580    28.670    75.880    31.950    75.400
    34.710    75.720    42.250    75.750    45.680    75.520    46.970    74.990
    53.130    74.910    54.110    75.510    59.730    75.150    64.100    74.810
    69.210    74.370    70.890    74.550    74.000    73.630    74.400    73.510
    77.900    73.330    81.900    72.930    86.900    71.930    91.400    71.430
    94.100    72.030    95.170    73.690    96.560    74.100   101.440    74.510
   103.840    75.490   105.890    76.220   106.470    76.550   107.200    76.980
   108.990    77.790   111.030    80.470   117.280    80.670   121.560    85.960
   122.160    86.140   122.620    86.080   123.620    86.080
66.52k         7.515                                      54    1   54    1   54
   -16.800    86.830   -14.800    86.830   -14.650    86.830   -14.650    86.530
   -14.350    86.530   -14.350    86.830   -14.200    86.830   -13.890    86.810
   -10.150    84.560    -5.730    81.490    -5.000    80.530    -0.600    80.340
     0.000    80.440     0.400    80.440     0.700    79.390     5.220    78.960
     8.220    78.780     9.240    78.770     9.780    77.800    12.880    77.640
    16.510    76.490    18.360    76.580    22.100    75.970    27.290    76.060
    31.170    75.690    35.840    75.590    38.370    76.520    42.290    75.850
    46.380    75.650    53.950    75.070    61.800    75.190    66.370    75.150
    71.500    74.360    74.560    73.640    75.780    73.340    79.700    72.840
    84.700    71.840    89.700    71.640    92.700    72.140    95.270    74.310
   100.900    74.750   104.500    75.400   107.830    76.420   107.960    76.650
   109.170    77.260   109.910    77.540   111.720    79.480   113.290    80.550
   117.670    80.670   119.870    80.690   124.110    86.110   124.710    86.280
   125.110    86.250   126.110    86.250
66.53k         7.500                                      58    1   58    1   58
   -18.030    86.920   -16.030    86.920   -15.880    86.920   -15.880    86.620
   -15.580    86.620   -15.580    86.920   -15.430    86.920   -15.080    86.800
    -8.550    83.210    -5.980    81.410    -5.150    80.530    -0.600    80.340
     0.000    80.440     0.400    80.440     0.700    79.390     4.470    79.070
     8.290    78.830     9.340    78.810     9.900    77.840    13.860    77.490
    16.080    77.100    17.400    76.870    19.270    76.660    19.670    76.590
    20.350    76.230    26.760    75.720    32.660    75.640    35.660    75.400
    38.280    76.170    46.890    75.830    50.600    75.030    54.000    74.750
    58.750    75.090    64.150    74.910    64.500    75.070    67.850    74.470
    71.950    74.080    75.880    73.720    76.090    73.640    76.780    73.370
    79.780    72.240    84.780    71.940    89.780    71.840    92.780    72.240
    95.360    74.170    98.890    74.840   104.890    75.230   109.100    76.210
   109.450    76.570   109.660    76.750   110.440    77.200   112.080    78.250
   113.050    80.060   122.510    80.550   125.680    85.990   126.730    86.290
   127.180    86.230   128.180    86.230
66.54k         7.485                                      58    1   58    1   58
   -17.290    86.920   -15.290    86.920   -15.140    86.920   -15.140    86.620
   -14.840    86.620   -14.840    86.920   -14.690    86.920   -14.220    86.820
    -5.570    81.270    -5.130    80.600    -0.570    80.470     0.000    80.470
     0.400    80.470     0.750    79.270     8.790    78.870     9.480    78.870
     9.770    78.860    10.410    77.730    11.320    77.460    14.890    77.360
    17.470    77.180    19.450    76.740    20.310    76.580    21.010    76.210
    23.730    75.970    26.220    75.870    27.700    75.800    29.920    75.780
    31.800    75.760    32.360    75.290    38.100    75.600    49.160    75.180
    53.490    75.120    56.880    74.880    61.020    75.300    64.680    75.410
    66.090    74.920    70.880    73.880    72.850    73.650    74.880    73.400
    78.700    72.850    79.700    71.550    84.700    71.950    89.700    72.150
    94.700    72.450    95.560    74.430    98.300    75.140   105.310    75.220
   107.770    76.260   108.250    76.550   109.120    77.350   109.880    77.520
   113.330    80.120   122.590    80.700   128.490    86.240   129.260    86.460
   129.820    86.330   130.820    86.330
66.55k         7.467                                      68    1   68    1   68
   -17.690    86.890   -15.690    86.890   -15.540    86.890   -15.540    86.590
   -15.240    86.590   -15.240    86.890   -15.090    86.890   -14.790    86.860
    -5.540    81.340    -5.360    80.690    -0.650    80.490     0.000    80.490
     0.400    80.490     0.760    79.290     9.750    78.920    10.750    78.900
    11.480    77.680    12.680    77.420    14.470    76.950    15.670    76.960
    15.990    77.070    17.780    76.840    19.940    76.580    20.920    76.150
    24.990    76.000    28.370    75.910    28.510    76.300    29.080    76.360
    30.140    75.960    30.730    75.730    31.370    76.260    32.430    75.950
    33.190    75.570    34.320    75.540    35.950    75.410    38.150    75.590
    40.330    75.620    47.190    75.260    52.960    75.500    55.310    75.190
    60.260    75.080    62.360    75.280    65.350    75.600    67.890    74.980
    71.020    74.720    71.960    74.990    73.840    73.850    74.270    73.680
    75.060    73.370    79.360    71.580    82.660    70.680    87.460    71.180
    90.960    71.580    95.960    72.080    98.960    72.880    99.920    73.680
   100.560    74.310   103.850    74.940   106.080    75.850   106.630    76.540
   107.370    77.300   108.450    77.630   111.950    80.220   124.510    80.700
   130.920    86.020   131.460    86.310   132.240    86.320   133.240    86.320
66.56k         7.463                                      62    1   62    1   62
   -17.710    87.020   -15.710    87.020   -15.560    87.020   -15.560    86.720
   -15.260    86.720   -15.260    87.020   -15.110    87.020    -5.240    81.280
    -5.040    80.620    -0.600    80.500     0.000    80.500     0.400    80.500
     0.600    79.900    11.410    78.940    12.420    78.930    13.400    76.950
    14.200    76.970    14.870    76.850    15.170    77.070    17.530    77.040
    18.470    76.760    19.070    76.580    20.880    76.420    22.190    76.540
    23.570    76.620    24.130    76.330    27.080    76.070    30.540    75.730
    32.980    75.360    36.250    75.390    40.900    75.510    44.030    75.520
    46.990    75.510    52.670    75.520    57.360    75.330    58.260    75.790
    63.700    75.440    64.300    74.850    66.360    74.870    67.460    75.540
    70.310    75.570    73.640    75.230    75.340    74.270    76.900    73.730
    78.230    73.270    80.600    70.730    85.600    70.130    90.600    70.430
    93.600    70.930    99.590    73.640   101.510    75.210   106.060    75.710
   108.340    76.310   108.780    76.580   109.600    76.930   113.180    77.660
   116.480    80.200   127.030    80.770   133.470    86.080   134.010    86.340
   134.750    86.330   135.750    86.330
66.57k         7.478                                      68    1   68    1   68
   -18.500    87.090   -16.500    87.090   -16.350    87.090   -16.350    86.790
   -16.050    86.790   -16.050    87.090   -15.900    87.090   -15.150    87.030
    -5.910    81.290    -5.480    80.720    -0.600    80.500     0.000    80.500
     0.400    80.500     0.770    79.240    13.640    78.980    14.430    78.990
    15.430    77.090    17.110    77.170    19.200    77.020    20.300    76.660
    21.300    76.730    22.620    76.690    23.240    76.600    24.170    76.420
    26.440    76.080    27.890    76.270    29.330    75.950    30.160    75.640
    30.910    75.980    32.220    75.510    34.590    75.420    36.550    75.600
    41.990    75.350    45.940    75.660    49.820    75.730    53.580    75.720
    57.310    75.460    60.980    75.480    62.900    75.030    63.990    75.910
    66.370    75.570    69.420    74.750    71.400    74.460    73.060    75.130
    74.320    74.260    76.290    74.100    77.560    73.700    78.110    73.530
    79.510    71.200    82.010    69.500    86.010    69.200    91.010    70.000
    93.810    70.200    95.830    74.050    97.160    75.330   100.930    75.620
   104.940    75.720   107.770    76.120   108.660    76.370   109.080    76.570
   109.930    76.960   114.160    77.730   118.670    80.540   128.480    80.920
   135.930    86.330   136.210    86.420   137.130    86.380   138.130    86.380
66.58k         7.512                                      81    1   81    1   81
   -18.590    87.130   -16.590    87.130   -16.440    87.130   -16.440    86.930
   -16.140    86.930   -16.140    87.130   -15.990    87.130   -15.100    86.880
    -7.880    82.590    -7.440    81.600    -7.190    81.600    -7.190    81.450
    -5.390    81.450    -5.390    81.600    -5.140    81.600    -5.140    81.500
    -4.610    81.390    -3.210    80.610    -0.600    80.480     0.000    80.480
     0.400    80.480     0.850    79.220    15.710    79.030    16.620    79.020
    17.610    77.150    18.010    77.130    18.800    77.250    19.690    77.180
    20.060    76.430    21.440    76.240    21.970    76.430    22.280    76.760
    23.570    76.690    24.210    76.800    24.630    76.580    25.930    76.250
    27.650    75.870    29.050    76.580    29.670    77.090    31.000    76.930
    31.280    76.590    31.660    76.210    32.110    75.920    32.920    75.990
    33.600    75.240    38.850    75.290    40.850    75.420    43.830    76.220
    48.530    76.260    52.640    75.510    55.240    75.550    59.310    76.060
    64.140    75.300    67.890    75.120    70.570    74.830    73.890    74.920
    75.330    75.070    77.420    74.670    77.960    73.710    77.990    73.660
    78.300    69.810    80.300    68.710    85.300    68.110    90.300    69.710
    93.300    69.010    94.850    73.390    94.950    75.120    98.300    75.420
   100.960    76.590   102.550    75.910   106.460    76.100   108.190    76.310
   108.680    76.550   109.240    76.920   116.010    78.150   118.110    80.090
   132.430    81.220   138.600    86.170   139.240    86.480   139.980    86.450
   140.980    86.450
